
 1    7734     932 1995  1 29 02 38 37.000       60.4991  16.1932
 1    7734     932 1995  1 29 02 38 37.000       60.4991  16.1932
 1    7734     932 1995  1 29 02 38 49.000       62.1435  17.2761
 1    7734     932 1995  1 29 02 38 49.000       62.1435  17.2761
 1    7734     932 1995  1 29 02 39 02.000       64.0566  18.5515
 1    7734     932 1995  1 29 02 39 02.000       64.0566  18.5515
 1    7734     932 1995  1 29 02 39 14.000       65.8882  19.7261
 1    7734     932 1995  1 29 02 39 14.000       65.8882  19.7261
 1    7734     932 1995  1 29 02 39 26.000       67.9320  20.9351
 1    7734     932 1995  1 29 02 39 26.000       67.9320  20.9351
 1    7734     932 1995  1 29 02 39 38.000       70.1187  22.1319
 1    7734     932 1995  1 29 02 39 38.000       70.1187  22.1319
 1    7734     932 1995  1 29 02 39 50.000       72.5159  23.3891
 1    7734     932 1995  1 29 02 39 50.000       72.5159  23.3891
 1    7734     932 1995  1 29 02 40 03.000       75.3066  24.7484
 1    7734     932 1995  1 29 02 40 03.000       75.3066  24.7484
 1    7734     932 1995  1 29 02 40 15.000       78.1000  25.9799
 1    7734     932 1995  1 29 02 40 15.000       78.1000  25.9799
 1    7734     932 1995  1 29 02 40 27.000       81.1197  27.1896
 1    7734     932 1995  1 29 02 40 27.000       81.1197  27.1896
 1    7734     932 1995  1 29 02 40 39.000       84.3708  28.3560
 1    7734     932 1995  1 29 02 40 39.000       84.3708  28.3560
