 LSDC RESULTS FOR Satellite         7734 sensor #         932
KAENA_POINT                         

 Lat   21.572070 Lon  201.733260 Alt  300.459650m
 Sensor Biases:  Rho 80.000000 m Az  0.008100 ø El  0.004500 ø
 Sensor Noises:  Rho 92.500000 m Az  0.022400 ø El  0.013900 ø

 r and v from initial data 

       rx         ry         rz          vx   
      vy         vz      Coplnr     angle btwn
R1  0.0000000  0.0000000  0.0000000

Data ranges from 2449746.6101504629 to 
2449746.6115624998
 Move r2, v2 vectors to EPOCH time 

 Move r2, v2 vectors to EPOCH time 
 Nominal 
 R Nominal    0.902412858729549        0.419216277668340     
   0.539314634745115     
 V Nominal    0.545048068050250       -0.243555229697641     
  -0.725903949888685     
Input data observations are: 
         932    2449746.61015046        0.918270042370944     
   0.149875994619196        0.365392629561009        0.999597147963387     
           5   0.000000000000000     ~   0.000000000000000     
   0.000000000000000     
         932    2449746.61028935        0.918138541076176     
   0.150679473948971        0.365392629561009        0.999597147963387     
           5   0.000000000000000     ~   0.000000000000000     
   0.000000000000000     
         932    2449746.61043981        0.917995288503009     
   0.151549776526743        0.365392629561009        0.999597147963387     
           5   0.000000000000000     ~   0.000000000000000     
   0.000000000000000     
         932    2449746.61057870        0.917862322662353     
   0.152353014790974        0.365392629561009        0.999597147963387     
           5   0.000000000000000     ~   0.000000000000000     
   0.000000000000000     
         932    2449746.61071759        0.917728653995016     
   0.153156136395262        0.365392629561009        0.999597147963387     
           5   0.000000000000000     ~   0.000000000000000     
   0.000000000000000     
         932    2449746.61085648        0.917594283055043     
   0.153959138032563        0.365392629561009        0.999597147963387     
           5   0.000000000000000     ~   0.000000000000000     
   0.000000000000000     
         932    2449746.61099537        0.917459209044295     
   0.154762024472558        0.365392629561009        0.999597147963387     
           5   0.000000000000000     ~   0.000000000000000     
   0.000000000000000     
         932    2449746.61114583        0.917312086173282     
   0.155631683918956        0.365392629561009        0.999597147963387     
           5   0.000000000000000     ~   0.000000000000000     
   0.000000000000000     
         932    2449746.61128472        0.917175549160036     
   0.156434320089980        0.365392629561009        0.999597147963387     
           5   0.000000000000000     ~   0.000000000000000     
   0.000000000000000     
         932    2449746.61142361        0.917038309389387     
   0.157236839167170        0.365392629561009        0.999597147963387     
           5   0.000000000000000     ~   0.000000000000000     
   0.000000000000000     
         932    2449746.61156250        0.916900367886684     
   0.158039235154728        0.365392629561009        0.999597147963387     
           5   0.000000000000000     ~   0.000000000000000     
   0.000000000000000     
 AtWA Matrix                                                    
     6407194190616.36         -601085473819.963         -198387938144.761      
    511939106335.099         -78875468268.2841         -24519894057.5950     
    -601085473819.963          1005485842010.84         -1883982621351.60      
   -76987004665.1504          73812422462.3744         -143490076691.906     
    -198387938144.761         -1883982621351.60          4420607484298.65      
   -21352888057.2665         -145348973538.386          397834458858.638     
     511939106335.099         -76987004665.1504         -21352888057.2665      
    55525903499.7218         -10072493352.6589         -2826930712.52507     
    -78875468268.2841          73812422462.3745         -145348973538.386      
   -10072493352.6589          7857973020.88110         -15285461383.9719     
    -24519894057.5950         -143490076691.906          397834458858.638      
   -2826930712.52507         -15285461383.9719          45593118823.1461     
 AtWB Matrix                                                    
    99007218.1111894     
   -75588711.6647872     
    146864628.240298     
    10304407.9886956     
   -7650679.13973900     
    14617960.7360768     
 A Matrix                                                       
    -4.18498973054355          1.09845619367965        -0.318889431128029D-001 
  -0.636796150116893         0.172809289001657        -0.157412272115946D-002
   -0.274424443460270        -0.998765209602144          4.03635012301788      
  -0.417985401242006D-001   -0.155526369487616         0.616630524991501     
    0.000000000000000         0.000000000000000         0.000000000000000      
   0.000000000000000         0.000000000000000         0.000000000000000     
    0.000000000000000         0.000000000000000         0.000000000000000      
   0.000000000000000         0.000000000000000         0.000000000000000     
    0.000000000000000         0.000000000000000         0.000000000000000      
   0.000000000000000         0.000000000000000         0.000000000000000     
    0.000000000000000         0.000000000000000         0.000000000000000      
   0.000000000000000         0.000000000000000         0.000000000000000     
 B Matrix                                                       
  -0.607830147620891D-004
   0.131931545209907D-003
   0.000000000000000     
   0.000000000000000     
   0.000000000000000     
   0.000000000000000     
 AtWAi Matrix                                                   
   0.546469025122029D-010  -0.997397784660183D-009  -0.647604937274482D-009
  -0.184111288157764D-008   0.862063342081038D-009   0.271609295424241D-008
  -0.997397784660181D-009   0.184914764625404D-007   0.120000068635290D-007
   0.338777637621544D-007  -0.165408627588002D-007  -0.504943209992952D-007
  -0.647604937274481D-009   0.120000068635290D-007   0.778892632163285D-008
   0.219963113295139D-007  -0.106924256909719D-007  -0.327671639506448D-007
  -0.184111288157764D-008   0.338777637621545D-007   0.219963113295139D-007
   0.624064640647225D-007  -0.293237758217564D-007  -0.922665610228286D-007
   0.862063342081014D-009  -0.165408627587998D-007  -0.106924256909716D-007
  -0.293237758217555D-007   0.183372079284721D-007   0.460354518410230D-007
   0.271609295424240D-008  -0.504943209992951D-007  -0.327671639506447D-007
  -0.922665610228281D-007   0.460354518410240D-007   0.138198775744805D-006
Corrections     -0.0001710152  0.0033952157  0.0022093149  0.0060796051 -0.0041979415 -0.0093943558
Loop  0 Nominal  0.90224184  0.42261149  0.54152395  0.55112767 -0.24775317 -0.73529831

Loop  0 Nominal  5754.6214539  2695.4737070  3453.9135604  4.35686605 -1.95857953 -5.81280234
SigmaOld   100.000000 SigmaNew    70.074624
 -------------------------------------------
k for loop            0
 AtWA Matrix                                                    
     6250061630225.63         -586799265703.920         -193457937106.339      
    499387410210.300         -76971768686.5024         -23916211472.2175     
    -586799265703.920          981266205572.426         -1838175532532.35      
   -75123603579.2775          72048813112.5486         -140012319225.601     
    -193457937106.339         -1838175532532.35          4312044610880.64      
   -20861560087.5335         -141824112560.762          388045877378.120     
     499387410210.300         -75123603579.2775         -20861560087.5335      
    54161626638.8302         -9827738575.01095         -2760467434.84341     
    -76971768686.5024          72048813112.5486         -141824112560.762      
   -9827738575.01095          7670615621.96158         -14914954568.7109     
    -23916211472.2175         -140012319225.601          388045877378.120      
   -2760467434.84341         -14914954568.7109          44468392510.8494     
 AtWB Matrix                                                    
    44273318.8703012     
   -15258992.5516605     
    12483592.0427997     
    5491838.03190506     
   -1476526.13066394     
    673879.882792139     
 A Matrix                                                       
    -4.13342871348596          1.08564081232611        -0.312871208524375D-001 
  -0.628901913384561         0.170768639034065        -0.154465024301841D-002
   -0.271321405316259        -0.987155669957089          3.98651437176650      
  -0.413389388758802D-001   -0.153704818051201         0.608975522827554     
    0.000000000000000         0.000000000000000         0.000000000000000      
   0.000000000000000         0.000000000000000         0.000000000000000     
    0.000000000000000         0.000000000000000         0.000000000000000      
   0.000000000000000         0.000000000000000         0.000000000000000     
    0.000000000000000         0.000000000000000         0.000000000000000      
   0.000000000000000         0.000000000000000         0.000000000000000     
    0.000000000000000         0.000000000000000         0.000000000000000      
   0.000000000000000         0.000000000000000         0.000000000000000     
 B Matrix                                                       
   0.734974523783904D-004
  -0.494660079984888D-004
   0.000000000000000     
   0.000000000000000     
   0.000000000000000     
   0.000000000000000     
 AtWAi Matrix                                                   
   0.575107233355414D-010  -0.105093494552854D-008  -0.682341830189583D-009
  -0.193906676847547D-008   0.913762552798989D-009   0.286242705922881D-008
  -0.105093494552856D-008   0.194997183106841D-007   0.126540313437458D-007
   0.357159379146648D-007  -0.175276369520290D-007  -0.532537693457293D-007
  -0.682341830189594D-009   0.126540313437458D-007   0.821321604540221D-008
   0.231889765416624D-007  -0.113315304876109D-007  -0.345571346974406D-007
  -0.193906676847547D-008   0.357159379146642D-007   0.231889765416621D-007
   0.657663731337509D-007  -0.310987997069016D-007  -0.972911676563223D-007
   0.913762552799118D-009  -0.175276369520311D-007  -0.113315304876123D-007
  -0.310987997069060D-007   0.193837246861504D-007   0.487578334889450D-007
   0.286242705922889D-008  -0.532537693457299D-007  -0.345571346974411D-007
  -0.972911676563251D-007   0.487578334889399D-007   0.145759262163020D-006
Corrections     -0.0000049808  0.0000328469  0.0000271773  0.0001774700 -0.0001020451 -0.0001444714
Loop  1 Nominal  0.90223686  0.42264434  0.54155113  0.55130514 -0.24785522 -0.73544278

Loop  1 Nominal  5754.5896854  2695.6832089  3454.0869009  4.35826902 -1.95938624 -5.81394443
SigmaOld    70.074624 SigmaNew    64.893715
 -------------------------------------------
k for loop            1
 AtWA Matrix                                                    
     6248668897216.72         -586837209278.632         -193469283386.520      
    499277236896.456         -76975653650.7251         -23917492671.4723     
    -586837209278.632          981150547526.811         -1837787456247.06      
   -75127679045.2109          72044340368.5671         -139983739071.715     
    -193469283386.520         -1837787456247.06          4311078401955.31      
   -20863903212.9459         -141795156098.245          387964482629.148     
     499277236896.456         -75127679045.2109         -20863903212.9459      
    54149657112.2833         -9828228285.98984         -2760703479.08886     
    -76975653650.7251          72044340368.5671         -141795156098.245      
   -9828228285.98984          7670377742.42355         -14911904763.0620     
    -23917492671.4723         -139983739071.715          387964482629.148      
   -2760703479.08886         -14911904763.0620          44459309254.5229     
 AtWB Matrix                                                    
    497178.283435088     
   -105387.454343700     
   -14450.3615820482     
    61377.2612518161     
   -10974.0446978605     
   -7046.99832109781     
 A Matrix                                                       
    -4.13293096014716          1.08583270588379        -0.312801989086955D-001 
  -0.628827437671118         0.170797778536098        -0.154430612869094D-002
   -0.271364577842298        -0.987033463596924          3.98613234155155      
  -0.413459044183318D-001   -0.153685660778122         0.608916916223988     
    0.000000000000000         0.000000000000000         0.000000000000000      
   0.000000000000000         0.000000000000000         0.000000000000000     
    0.000000000000000         0.000000000000000         0.000000000000000      
   0.000000000000000         0.000000000000000         0.000000000000000     
    0.000000000000000         0.000000000000000         0.000000000000000      
   0.000000000000000         0.000000000000000         0.000000000000000     
    0.000000000000000         0.000000000000000         0.000000000000000      
   0.000000000000000         0.000000000000000         0.000000000000000     
 B Matrix                                                       
   0.146134340106352D-003
  -0.472771328057786D-004
   0.000000000000000     
   0.000000000000000     
   0.000000000000000     
   0.000000000000000     
 AtWAi Matrix                                                   
   0.575736377102310D-010  -0.105186064631550D-008  -0.682965193258903D-009
  -0.194123018053919D-008   0.914870977834879D-009   0.286516319698902D-008
  -0.105186064631551D-008   0.195124996465897D-007   0.126627441125550D-007
   0.357479368102821D-007  -0.175443316167350D-007  -0.532925537268460D-007
  -0.682965193258906D-009   0.126627441125549D-007   0.821914195452037D-008
   0.232105110024064D-007  -0.113427433462401D-007  -0.345834494304625D-007
  -0.194123018053919D-008   0.357479368102819D-007   0.232105110024063D-007
   0.658408458601046D-007  -0.311369786449760D-007  -0.973856335815996D-007
   0.914870977834925D-009  -0.175443316167358D-007  -0.113427433462406D-007
  -0.311369786449776D-007   0.194028211282222D-007   0.488067612050651D-007
   0.286516319698904D-008  -0.532925537268462D-007  -0.345834494304627D-007
  -0.973856335816004D-007   0.488067612050632D-007   0.145875760924125D-006
Corrections     -0.0000000317 -0.0000001209 -0.0000000365  0.0000011840 -0.0000002579 -0.0000002505
Loop  2 Nominal  0.90223683  0.42264422  0.54155109  0.55130633 -0.24785547 -0.73544303

Loop  2 Nominal  5754.5894835  2695.6824378  3454.0866679  4.35827838 -1.95938828 -5.81394641
SigmaOld    64.893715 SigmaNew    64.440010
 -------------------------------------------
k for loop            2
