
 5    7734     932 1995  1 29 02 38 37.000       93.3543765097302          32.8340091350426
 5    7734     932 1995  1 29 02 38 37.000       93.3543765097302          32.8340091350426
 5    7734     932 1995  1 29 02 38 49.000       91.6818173532798          31.5976755625937
 5    7734     932 1995  1 29 02 38 49.000       91.6818173532798          31.5976755625937
 5    7734     932 1995  1 29 02 39 02.000       89.7592346810626          30.1617078082380
 5    7734     932 1995  1 29 02 39 02.000       89.7592346810626          30.1617078082380
 5    7734     932 1995  1 29 02 39 14.000       88.0086669678968          28.7773834543360
 5    7734     932 1995  1 29 02 39 14.000       88.0086669678968          28.7773834543360
 5    7734     932 1995  1 29 02 39 26.000       86.2001323329164          27.2148627522494
 5    7734     932 1995  1 29 02 39 26.000       86.2001323329164          27.2148627522494
 5    7734     932 1995  1 29 02 39 38.000       84.4025028896399          25.5327028967263
 5    7734     932 1995  1 29 02 39 38.000       84.4025028896399          25.5327028967263
 5    7734     932 1995  1 29 02 39 50.000       82.5183255914419          23.6956132084813
 5    7734     932 1995  1 29 02 39 50.000       82.5183255914419          23.6956132084813
 5    7734     932 1995  1 29 02 40 03.000       80.4619704184685          21.5636066358093
 5    7734     932 1995  1 29 02 40 03.000       80.4619704184685          21.5636066358093
 5    7734     932 1995  1 29 02 40 15.000       78.5540818854395          19.4365031236390
 5    7734     932 1995  1 29 02 40 15.000       78.5540818854395          19.4365031236390
 5    7734     932 1995  1 29 02 40 27.000       76.6213479990897          17.1535635536667
 5    7734     932 1995  1 29 02 40 27.000       76.6213479990897          17.1535635536667
 5    7734     932 1995  1 29 02 40 39.000       74.6707904629225          14.7174681553749
 5    7734     932 1995  1 29 02 40 39.000       74.6707904629225          14.7174681553749
