 LSDC RESULTS FOR Satellite         7734 sensor #         932
KAENA_POINT                         

 Lat   21.572070 Lon  201.733260 Alt  300.459650m
 Sensor Biases:  Rho 80.000000 m Az  0.008100 ø El  0.004500 ø
 Sensor Noises:  Rho 92.500000 m Az  0.022400 ø El  0.013900 ø

 r and v from initial data 

       rx         ry         rz          vx   
      vy         vz      Coplnr     angle btwn
R1  0.0000000  0.0000000  0.0000000

Data ranges from 2449746.6101504629 to 
2449746.6115624998
 Move r2, v2 vectors to EPOCH time 

 Move r2, v2 vectors to EPOCH time 
 Nominal 
 R Nominal    0.902412858729549        0.419216277668340     
   0.539314634745115     
 V Nominal    0.545048068050250       -0.243555229697641     
  -0.725903949888685     
Input data observations are: 
         932    2449746.61015046        0.918270042370944     
   0.149875994619196        0.365392629561009        0.999597147963387     
           1   0.000000000000000     ~    60.4901770157083     
    16.1884797516027     
         932    2449746.61028935        0.918138541076176     
   0.150679473948971        0.365392629561009        0.999597147963387     
           1   0.000000000000000     ~    62.1345546435312     
    17.2713650186723     
         932    2449746.61043981        0.917995288503009     
   0.151549776526743        0.365392629561009        0.999597147963387     
           1   0.000000000000000     ~    64.0476286156717     
    18.5467476667660     
         932    2449746.61057870        0.917862322662353     
   0.152353014790974        0.365392629561009        0.999597147963387     
           1   0.000000000000000     ~    65.8792036966254     
    19.7213316862507     
         932    2449746.61071759        0.917728653995016     
   0.153156136395262        0.365392629561009        0.999597147963387     
           1   0.000000000000000     ~    67.9229758905833     
    20.9303152377211     
         932    2449746.61085648        0.917594283055043     
   0.153959138032563        0.365392629561009        0.999597147963387     
           1   0.000000000000000     ~    70.1096461403766     
    22.1270989551732     
         932    2449746.61099537        0.917459209044295     
   0.154762024472558        0.365392629561009        0.999597147963387     
           1   0.000000000000000     ~    72.5068135263027     
    23.3842818508792     
         932    2449746.61114583        0.917312086173282     
   0.155631683918956        0.365392629561009        0.999597147963387     
           1   0.000000000000000     ~    75.2974755586338     
    24.7435633575075     
         932    2449746.61128472        0.917175549160036     
   0.156434320089980        0.365392629561009        0.999597147963387     
           1   0.000000000000000     ~    78.0908375542311     
    25.9750466028637     
         932    2449746.61142361        0.917038309389387     
   0.157236839167170        0.365392629561009        0.999597147963387     
           1   0.000000000000000     ~    81.1104964710011     
    27.1847301448105     
         932    2449746.61156250        0.916900367886684     
   0.158039235154728        0.365392629561009        0.999597147963387     
           1   0.000000000000000     ~    84.3615522395579     
    28.3511142758568     
 AtWA Matrix                                                    
     2344920354.85483         -386352137.403211          252868618.929988      
    196187203.231155         -42458301.5368402          20655169.8308835     
    -386352137.403211          273377219.966954         -463492373.886874      
   -41448331.0365396          23195540.7382998         -38238964.3671861     
     252868618.929988         -463492373.886874          1022281199.58400      
    20327851.6344692         -38714585.8473314          94514433.5953082     
     196187203.231155         -41448331.0365396          20327851.6344692      
    21681527.3904771         -5179385.69944105          2295094.74322384     
    -42458301.5368402          23195540.7382998         -38714585.8473314      
   -5179385.69944105          2650252.69968590         -4257151.35431407     
     20655169.8308835         -38238964.3671861          94514433.5953082      
    2295094.74322384         -4257151.35431407          10972772.8414817     
 AtWB Matrix                                                    
    46592.6349550154     
   -24178.6031587731     
    40951.7517678240     
    5024.04050506372     
   -2619.74639817468     
    4212.30530496303     
 A Matrix                                                       
     1.63288042162366         0.736190451381505         -4.39733108955361      
   0.247026478858274         0.114629666099340        -0.670031813159883     
     3.80059447390469         -1.30634732080530          1.16917637942865      
   0.577882851817082        -0.204812764472860         0.179599050004115     
    0.000000000000000         0.000000000000000         0.000000000000000      
   0.000000000000000         0.000000000000000         0.000000000000000     
    0.000000000000000         0.000000000000000         0.000000000000000      
   0.000000000000000         0.000000000000000         0.000000000000000     
    0.000000000000000         0.000000000000000         0.000000000000000      
   0.000000000000000         0.000000000000000         0.000000000000000     
    0.000000000000000         0.000000000000000         0.000000000000000      
   0.000000000000000         0.000000000000000         0.000000000000000     
 B Matrix                                                       
  -0.131701133116557D-003
   0.909232493991330D-004
   0.000000000000000     
   0.000000000000000     
   0.000000000000000     
   0.000000000000000     
 AtWAi Matrix                                                   
   0.160365250046204D-006  -0.294608496188640D-005  -0.191943914747304D-005
  -0.561086901812807D-005   0.216468174899286D-005   0.797792404723731D-005
  -0.294608496188636D-005   0.551867601547961D-004   0.359120718582508D-004
   0.104060985424095D-003  -0.431206787368487D-004  -0.149959703975405D-003
  -0.191943914747301D-005   0.359120718582508D-004   0.233766131410543D-004
   0.677744619568222D-004  -0.278754214534268D-004  -0.975832898134316D-004
  -0.561086901812801D-005   0.104060985424096D-003   0.677744619568226D-004
   0.197630358072766D-003  -0.770488092596640D-004  -0.281804426395658D-003
   0.216468174899274D-005  -0.431206787368471D-004  -0.278754214534258D-004
  -0.770488092596604D-004   0.486354081522405D-004   0.120745260379064D-003
   0.797792404723717D-005  -0.149959703975405D-003  -0.975832898134313D-004
  -0.281804426395656D-003   0.120745260379068D-003   0.408806323009810D-003
Corrections     -0.0001550354  0.0031534096  0.0020553646  0.0057134837 -0.0039842072 -0.0087797566
Loop  0 Nominal  0.90225782  0.42236969  0.54137000  0.55076155 -0.24753944 -0.73468371

Loop  0 Nominal  5754.7233748  2693.9314345  3452.9316446  4.35397173 -1.95688989 -5.80794370
SigmaOld   100.000000 SigmaNew     1.185592
 -------------------------------------------
k for loop            0
 AtWA Matrix                                                    
     2291339567.31790         -377741417.380245          247005421.807177      
    191705905.259468         -41508941.8945739          20169658.2793072     
    -377741417.380245          267323316.000208         -453060288.948980      
   -40522172.1939168          22686309.5037964         -37380512.8163237     
     247005421.807177         -453060288.948980          999019166.843989      
    19848822.1346587         -37845389.6968716          92363272.5826504     
     191705905.259468         -40522172.1939168          19848822.1346587      
    21185393.9204103         -5063340.28391567          2240300.18351562     
    -41508941.8945739          22686309.5037964         -37845389.6968716      
   -5063340.28391567          2592196.82994005         -4161529.95609749     
     20169658.2793072         -37380512.8163237          92363272.5826504      
    2240300.18351562         -4161529.95609749          10722654.6499536     
 AtWB Matrix                                                    
   -6776.19574991330     
   -1694.32798021755     
    4732.45563636057     
   -306.318153685992     
   -149.617151433366     
    473.348361371069     
 A Matrix                                                       
     1.61413431532108         0.728385794323246         -4.34766793050038      
   0.244209907380747         0.113407152145117        -0.662432720227543     
     3.75698057602794         -1.29238707343984          1.15538861441431      
   0.571211995206854        -0.202599211803823         0.177466288708111     
    0.000000000000000         0.000000000000000         0.000000000000000      
   0.000000000000000         0.000000000000000         0.000000000000000     
    0.000000000000000         0.000000000000000         0.000000000000000      
   0.000000000000000         0.000000000000000         0.000000000000000     
    0.000000000000000         0.000000000000000         0.000000000000000      
   0.000000000000000         0.000000000000000         0.000000000000000     
    0.000000000000000         0.000000000000000         0.000000000000000      
   0.000000000000000         0.000000000000000         0.000000000000000     
 B Matrix                                                       
  -0.216835081894295D-004
  -0.137571374027090D-003
   0.000000000000000     
   0.000000000000000     
   0.000000000000000     
   0.000000000000000     
 AtWAi Matrix                                                   
   0.168213002543868D-006  -0.309487335969738D-005  -0.201623195421249D-005
  -0.589060550159298D-005   0.229614220024587D-005   0.838385843627579D-005
  -0.309487335969736D-005   0.580330184864074D-004   0.377626993606202D-004
   0.109387831449785D-003  -0.456887585690517D-004  -0.157736748654717D-003
  -0.201623195421248D-005   0.377626993606202D-004   0.245800501962378D-004
   0.712392481731855D-004  -0.295413413830729D-004  -0.102639935091357D-003
  -0.589060550159295D-005   0.109387831449786D-003   0.712392481731858D-004
   0.207632380490406D-003  -0.817625856231396D-004  -0.296337220149864D-003
   0.229614220024577D-005  -0.456887585690501D-004  -0.295413413830719D-004
  -0.817625856231362D-004   0.512419825836346D-004   0.127838782809593D-003
   0.838385843627573D-005  -0.157736748654716D-003  -0.102639935091357D-003
  -0.296337220149862D-003   0.127838782809597D-003   0.430086540296373D-003
Corrections     -0.0000084992  0.0000187120  0.0000175526  0.0000743941 -0.0000594914 -0.0000644638
Loop  1 Nominal  0.90224932  0.42238840  0.54138755  0.55083595 -0.24759893 -0.73474817

Loop  1 Nominal  5754.6691658  2694.0507821  3453.0435978  4.35455984 -1.95736019 -5.80845331
SigmaOld     1.185592 SigmaNew     1.073310
 -------------------------------------------
k for loop            1
 AtWA Matrix                                                    
     2291061823.61873         -377675011.036816          246974608.149769      
    191684717.832907         -41503133.3070547          20166674.4088238     
    -377675011.036816          267298216.602016         -453011496.102713      
   -40516474.4559115          22684577.0258707         -37377285.3758906     
     246974608.149770         -453011496.102713          998875765.573579      
    19845850.4847967         -37842110.1081026          92351093.6235519     
     191684717.832907         -40516474.4559115          19845850.4847967      
    21183140.0355357         -5062699.05802376          2239940.07532701     
    -41503133.3070547          22684577.0258707         -37842110.1081025      
   -5062699.05802376          2592021.19407462         -4161210.99681105     
     20166674.4088238         -37377285.3758906          92351093.6235519      
    2239940.07532701         -4161210.99681105          10721306.0171663     
 AtWB Matrix                                                    
   -25.7027966497481     
   -12.5367499387280     
    25.3583723203083     
    1.46355230025370     
   -1.80932783845117     
    3.49702825109523     
 A Matrix                                                       
     1.61403981021393         0.728452235703974         -4.34746109709738      
   0.244195679640320         0.113417494063492        -0.662401504521469     
     3.75680402416441         -1.29234481195246          1.15528379030371      
   0.571184967413949        -0.202592486075944         0.177450374497065     
    0.000000000000000         0.000000000000000         0.000000000000000      
   0.000000000000000         0.000000000000000         0.000000000000000     
    0.000000000000000         0.000000000000000         0.000000000000000      
   0.000000000000000         0.000000000000000         0.000000000000000     
    0.000000000000000         0.000000000000000         0.000000000000000      
   0.000000000000000         0.000000000000000         0.000000000000000     
    0.000000000000000         0.000000000000000         0.000000000000000      
   0.000000000000000         0.000000000000000         0.000000000000000     
 B Matrix                                                       
   0.427341326769692D-006
  -0.144660609603109D-003
   0.000000000000000     
   0.000000000000000     
   0.000000000000000     
   0.000000000000000     
 AtWAi Matrix                                                   
   0.168442953368996D-006  -0.309757489108405D-005  -0.201805209002515D-005
  -0.589615562884715D-005   0.229872848915760D-005   0.839132583623303D-005
  -0.309757489108403D-005   0.580536988047068D-004   0.377773150612078D-004
   0.109435251434077D-003  -0.457139561985134D-004  -0.157795396223368D-003
  -0.201805209002514D-005   0.377773150612078D-004   0.245903158562470D-004
   0.712722925930604D-004  -0.295586453592986D-004  -0.102681249789217D-003
  -0.589615562884714D-005   0.109435251434077D-003   0.712722925930606D-004
   0.207737731093864D-003  -0.818166747355281D-004  -0.296470616801696D-003
   0.229872848915756D-005  -0.457139561985128D-004  -0.295586453592982D-004
  -0.818166747355267D-004   0.512687975280229D-004   0.127909478557489D-003
   0.839132583623295D-005  -0.157795396223367D-003  -0.102681249789217D-003
  -0.296470616801694D-003   0.127909478557490D-003   0.430252784328894D-003
Corrections     -0.0000001142  0.0000008436  0.0000005480  0.0000022367 -0.0000007404 -0.0000019928
Loop  2 Nominal  0.90224921  0.42238924  0.54138810  0.55083818 -0.24759967 -0.73475016

Loop  2 Nominal  5754.6684373  2694.0561629  3453.0470930  4.35457752 -1.95736604 -5.80846907
SigmaOld     1.073310 SigmaNew     1.070576
 -------------------------------------------
k for loop            2
