 2    7734     932 1995  1 29 02 38 37.000     2047.50200  60.4991  16.1932
 2    7734     932 1995  1 29 02 38 37.000     2047.50200  60.4991  16.1932
 2    7734     932 1995  1 29 02 38 49.000     1984.67700  62.1435  17.2761
 2    7734     932 1995  1 29 02 38 49.000     1984.67700  62.1435  17.2761
 2    7734     932 1995  1 29 02 39 02.000     1918.48900  64.0566  18.5515
 2    7734     932 1995  1 29 02 39 02.000     1918.48900  64.0566  18.5515
 2    7734     932 1995  1 29 02 39 14.000     1859.32000  65.8882  19.7261
 2    7734     932 1995  1 29 02 39 14.000     1859.32000  65.8882  19.7261
 2    7734     932 1995  1 29 02 39 26.000     1802.18600  67.9320  20.9351
 2    7734     932 1995  1 29 02 39 26.000     1802.18600  67.9320  20.9351
 2    7734     932 1995  1 29 02 39 38.000     1747.29000  70.1187  22.1319
 2    7734     932 1995  1 29 02 39 38.000     1747.29000  70.1187  22.1319
 2    7734     932 1995  1 29 02 39 50.000     1694.89100  72.5159  23.3891
 2    7734     932 1995  1 29 02 39 50.000     1694.89100  72.5159  23.3891
 2    7734     932 1995  1 29 02 40 03.000     1641.20100  75.3066  24.7484
 2    7734     932 1995  1 29 02 40 03.000     1641.20100  75.3066  24.7484
 2    7734     932 1995  1 29 02 40 15.000     1594.77000  78.1000  25.9799
 2    7734     932 1995  1 29 02 40 15.000     1594.77000  78.1000  25.9799
 2    7734     932 1995  1 29 02 40 27.000     1551.64000  81.1197  27.1896
 2    7734     932 1995  1 29 02 40 27.000     1551.64000  81.1197  27.1896
 2    7734     932 1995  1 29 02 40 39.000     1512.08500  84.3708  28.3560
 2    7734     932 1995  1 29 02 40 39.000     1512.08500  84.3708  28.3560
